a 960 990 1
b 960 950 6
c 960 900 1
d 910 900 5
e 860 900 1
f 810 900 6
g 760 900 3
h 760 850 6
i 760 800 1
j 760 750 5
k 760 700 3
l 810 700 1
m 860 700 1
n 860 650 1
o 810 650 1
p 760 650 6
q 760 600 1
r 710 600 1
s 660 600 5
t 660 550 3
u 660 500 6
v 710 500 1
w 710 450 1
x 710 400 1
y 760 400 6
z 810 400 1
aa 860 400 1
ab 860 350 3
ac 810 350 1
ad 760 350 4
ae 760 300 1
af 710 300 6
ag 710 250 2
ah 710 200 5
ai 760 200 1
aj 810 200 6
ak 860 200 1
bb 910 200 3
al 960 200 5
am 960 150 1
an 960 100 1
ao 960 50 1
ap 1010 150 3
aq 1060 150 1
ar 1060 200 1
as 1110 200 4
at 1160 200 1
au 1160 250 6
av 1160 300 1
aw 1110 300 5
ax 1060 300 1
fo 1060 250 6
ay 1010 250 1
az 960 250 5
ba 910 250 4
bc 810 250 1
bd 760 250 5
be 860 250 6
bf 910 300 1
bg 910 300 1
bh 960 350 4
bi 1010 350 1
bj 1010 400 2
bk 1010 450 6
bl 1060 450 4
bm 1060 400 5
bn 1060 350 1
bo 1110 350 1
bp 1160 350 6
bq 1160 400 1
br 1160 450 5
bs 1210 450 6
bt 1210 500 3
bu 1210 550 4
bv 1160 550 3
bw 1110 550 1
bx 1110 600 4
by 1210 600 1
bz 1210 650 6
ca 1210 700 1
cb 1160 700 3
cc 1110 700 1
cd 1110 750 4
ce 1110 800 1
cf 1160 800 6
cg 1160 750 1
ch 1210 750 1
ci 1260 750 3
cj 1260 800 3
ck 1260 850 3
cl 1260 900 3
cm 1210 900 1
cn 1160 900 6
co 1110 900 3
cp 1060 900 5
cq 1010 900 1
cr 1010 850 3
cs 1010 800 4
ct 960 800 1
cu 910 800 6
fp 860 800 1
cv 860 850 1
cw 810 850 6
cx 810 800 4
cy 810 750 2
cz 860 750 1
da 910 750 1
db 790 800 5
dc 790 750 6
dd 810 600 4
de 810 550 1
df 760 550 3
dg 710 550 1
dh 860 600 5
di 910 600 1
dj 960 600 1
dk 910 550 1
dl 910 520 1
dm 860 520 4
dn 810 520 1
do 760 520 1
dp 760 490 5
dq 760 450 3
dr 810 450 4
ds 1110 850 1
dt 1160 850 2
du 1210 850 1
dv 1060 800 1
dw 1060 750 6
dx 1070 700 1
dy 1040 700 1
dz 1040 750 1
ea 1010 750 5
eb 960 750 1
ec 1010 700 1
ed 960 700 1
ee 960 650 6
ef 910 650 1
eg 1010 600 4
eh 1 1 1
ei 1 1 1
ej 1 1 1
ek 1 1 1
el 1 1 1
em 1 1 1
en 1 1 1
eo 1 1 1
ep 1 1 1
eq 880 400 1
er 910 400 6
es 910 350 1
et 860 300 5
eu 810 300 1
ev 960 400 1
ew 960 450 3
ex 1 1 1
ey 1 1 1
ez 1 1 1
fa 1 1 1
fb 1 1 1
fc 1 1 1
fd 1 1 1
fe 1110 500 1
ff 1060 500 4
fg 1010 500 1
fh 960 500 5
fi 910 450 3
fj 1 1 1
fk 1 1 1
fl 1 1 1
fm 1070 600 1
fn 1070 650 5